$ANSIBLE_VAULT;1.1;AES256
32623337393231393636616362366333643836633164666165616261316437393334336236386232
6233623264303937363765373237356138623335613833320a366130346261393236633765303238
37656137393366303939386566386533633734636531333833626530643834303439613665643162
6565303764613433610a616432303262633436346536306233346532643634313037633037303862
65323365396439333331373436333533363165333934386232343161363231383065623361356461
33363438393462363463646334343963326638303930633764613066613164643435396138633362
39333031316338623938373136363834333733626430353930336363656163396634383937363832
36386232653864393262306639656562663439353834633361336262613864373263343234393837
33633330393232616463303638663635663862313834316339396230323233313638373931393435
36326662323932393666336637366234653635653362666433383161393631383466663934613066
63346630626566333831346465313231386238623534373731303730643836316133643233356531
39353832323565376233343535313833363161623039363736393064373662363163613138376164
36613036353463626533613531353662353662326661613238663135646637643033353663353038
39376166626239393136363562653835343639626566323362343866643365363035306465646230
62666665636364356432663731643664376537623233653034656365613765396236373961323635
63343563333565383162373037363039313562653333393930386435366130373532303466303961
32663461653534656232346465353764343938376335626166343564376432396230316234306263
36366237363662633537613736613766626433636537346161633239663161396266306335623266
34393565383863303162343862633661356662356431373633303136383634363462643761646333
61396131376335613438353764306261373434376161386239633437343330633933326339616535
35346263633439396532383262653262356538343539626238326666333234353039643965353030
62323731613932383631353633613038646535663566326131636335656537626137333963653565
66303134626562336432363934333231373664313731383866353938653734313166393764353361
31636535353135376531303237383434616332383830646638326236313432376432346166363566
34366134353135346662313966616562313832326335333465333061656437333263643337373731
61356635313437303030653532363532643038323061316334383031616535653961333466326338
39386665666533356134336166643531383835336165623736623938336562663330666438646238
39343138616663303936653561623333396537346238616463393035623664333936633734613462
63613364623433666132373338646237336132336531386563316136363365656537336635313634
31313165353830356664653631373466326662376238643363333531316662383762326535363434
36356530636430376638333834313233383566373365346563323836653831316364623764306236
31363931666162313761663164386430353230396561633263303237646630636438353262646163
32383761333466373465353630366464656166626364313263616436653562326136333234663761
63643236356536363065353135303563323464376630356232326265643134666636356130306466
37653731616138363333363035313366393031396366306332313566646161343936643435663431
38336165646261336365346662316438363831396134363564363864366361386161333161393666
39356533363436623831636331366365393635623938376537313537393637373835303065373862
65396335316538613864303966326532326166633738333664313763353365623762633037313763
37393634396366333733346139323234336464363938623761663837363361323836373734623961
30643562663730623762616164626635623530633835363535343536313664373063356161653235
33616361303731653137336635383539643332343536396663323963343339336137333139323534
30343731343430356638323161366136633930656538623563626335323361663863393765336231
36616463306163343534323262323831376362373763653961303261653736343262306366633730
38616336383065373162383265666633623063376338623631626132313262343464353465376237
30636264343533326138323761323031616461643737333633393565326564616633613664626130
34353662396134326533383663633866383035396233373134653563366162356432343432613365
33623963393262303238626534356533376435643961626632333164363035393339666262633633
33363932356361616334393630643661383363653461303934393935326134623532303137663365
63323462343163643734666230663037343832613062313934376566313234326631656638646363
64316566313639383066366531373465323134613833343534373837306238313333353433333333
31313863646665363434663064306266396432343838313732346138636532646534326262383336
33653638653666383039333037613732623836353133663636663035616231623339346630666536
6265
