$ANSIBLE_VAULT;1.1;AES256
33363365653863613864323832313734383462326333656464353735663265333764616562656232
3832616666346362316163383137373536333237613138660a633538373162643239666537373964
30373632613463346339356463343366653761343065363038376136653235353030323938643233
6135666435353063610a623165353931366362373530346434623438326230343337303133363133
32343634346239336165633063363439333663623731343465663361363931663465643965303133
37393437643439393939626165633062656637633264623865363064623865663962663666393237
63333832623833393035343034633433333661313631323233386231393638313436333033383963
63386537363963336138393461393464343038326532616338323663633336303631306533613238
63363166356339633638353237396264396535653235366135353439653662336366393131613835
64373832373666316538363864623632323731386637333363396564313762383138633166373539
32636330363733326339356632343561343330383864376162383932306132666630393431613865
66643464326135313936313539653430323162363335303237613539386463663431613439656439
31303538313131623231646662336530663265616338323038393938343338656430626431383062
33613239316534663131643033643365623539396237343739363836653735356461393962616562
33656333663234656630646163353663313535663135343732373133303837643161313834633137
66613633383232633766646466633862393263393066613431613862643932313731313163313232
30306364316433326234353764386366326435323139376263613830656233663566636533336632
32663366643364333163646436313564393831303937393364393239613735323333363066613463
33646465393263323964383234326333353463343336343436643566393263303666373264303665
63643737643934643263393662393532353263376364663432306634393231636530343066653934
30613332333332626333313338616166303433383630626564653432633265366138313130653735
61393363663738626264323263336364346663363138633966366530323262623264626330326237
38653561373437396630666563663232656138623563636561333036346630336337383338373131
65623335353333306236343662636465346533663337366634643533373063333165613335343861
36666161373039646233373962316438383863623638643764386330313735353566656534333964
33323136663163666631316333313232623936636632333730356639643765373465373937623338
65653965323434383936316236363162616162313330653264346365636638653935353761383233
33393965363365376362363232396638366634383238323538396637303062613763313133643564
30346236356366343337316238376331386466376339303164373331613962356364653931363463
6433653732353335386537383038326632363637633436396135
