$ANSIBLE_VAULT;1.1;AES256
64376536643130383434633565653163386636343035363965303335656565373230633562306636
3437363666396463326130323337356330646163643263320a333837643530336265356539653762
38336532313065353539666139393234653336306461393164383731636163343935386365396437
6137393566616566630a323833323239323131656639383165313435626133336533613532333635
37626539626135386137616234646161343539633130343561363561316231303662303138333734
31353166303762316131316161646530353464326233303762323231393464646162316230643736
35373039393961616565666239376366363361333235336539363164623863356365353037623961
66653362623738633837306234363261393939333462363637663963323863356334656364333037
66313461633137643234303734356538333964626337616465623536646338653139376561636463
32343834613837303639666664373465656233336564373664643461633036353430623633643363
34343863336233633230303530663533653939616431386539663234343662323362303535386263
62623039383965633437623031383261363566616163353033636162633034356130643836393765
65666162626663353132636131626230316139636539393133323135613361343963396466306639
64303033613666376237393239636465396331313761666639663165393936623261616231393836
64363533623530356331616664396534363733623438396538666333346465333838373064396162
63336233363234356236326337383734613436363964336461653962366461623863616332633436
37626261313861313436616432356530396132646232326337383239323038396631623835363138
37356438323465393732336563386163326336623161353336613036366637653933333536323430
65613164653934343736616230303332346531376566653136626539393831666638643431653932
32303037376436306362313236376663383966323363383136343333626536386530303633373632
62386133326238626665386532306336383232356635376530326261383165323366663833313433
66313066313538623764363862643833343734653633353264336435323934623936613533333963
31646233363931316334643463383030663664666463306335653434303139336263636636306136
36633138643230363734353264343839323832643631353435386666623736303031303762396435
31616461636231663939616466396431653437666233366135343130643962623066373936616237
36373965303137653965656434656461373037313233366264613764623435336239646233353034
62356533303962396531393764313134626530376161633862303930383030363864373061313135
64656239646636393832303833366231643536323630393339373565333062663761663962653835
66393438396430663732376236663634636563383430653434656439346339633733363062336463
34373165613138373765323738306633643836313766653663343361363336333439383230353931
64383961613437343365363063353233653930396231326437623465616231376664363164323838
35396130656462353063396166323435313966333332346236326334663361356632643931633231
31373232373332373063343031356561323365633531373533393335343533336232376361336332
65636164386662303532366464323730633035383031393462633465353934303636636436313631
62306339363435643263653634646236326632373065343632396133366339333561666162306138
63636466363665626261306635643364636234373964376361626534636230353731663730303633
66613264626566663161666562666639303430303434613237336239373235353062333365333965
3831363965633065303964646536316335313063363237306334
