$ANSIBLE_VAULT;1.1;AES256
32326532346137363963333837623636656632636438626635373234353337643237323330316637
3933313635366366393762633539346562346235626535330a626365386339393839623563316433
66653466393066323932636561343131343365373734336265653936316330336363313761323839
6333353163316439660a316536333038343937346330333734613264353564633062656637623165
66663066386463333131643261643363663837653363343961613532363965313164313839373162
34373463303666303338393365313232643038613065383732643239653561393966633465656337
64333433353063336366623436393364343962356239613430646636343338333430316365616538
63643335363161386536393664386262303834653938313433363231323363633138613065353037
64393032376439643461386165666137323963313434336332616438643366643064373739353233
39363538393535326633343834616566343334366238316266383734623461303930663066396464
62343536306134663839353435323037643765366236306362646364396261383135306266633033
34336338303636366361653737333836363037623466373361646661643564613562316133303636
36643966363535636432336531353661303463343236343934663539353666633465636364326439
31366566303165383531373137383436333436653366383339633736376564646139383737663862
626332363638653939653662363630303830
