$ANSIBLE_VAULT;1.1;AES256
34353434313735343838323134333861613665656263666265643438633431626162323664326535
6561666233363162396533326664383166616362363138650a303466666333336565333465363466
38313534363338366461353431613461656265363638653432643330376431303861633234303163
3739396434303435330a626364373564333934633961666430616265616364386264316632623537
31393430393939353030653462343130356339663935313563343736386534623062636531343963
32636564306237366165616130396338393136643965326334376565646237333762353861323366
35306532373838306263343762333331323630613639636363343539663934623132366539653930
35643633623533646335666333386334626635353934303765653765613539383565646261626232
39333030316465323131373035326430343562643162666231616162333733393131313766333532
62383564386431653963393439626430663335376365323137653365653739616264656634353465
33386436303836613935636635333465663539663530373266656164316634636462636236353664
35313037623033363065306634363439333739613863663364626533363534336231383638376533
36386632366339393833653065373037613836333338623365383063363638646334333538383832
66356534376461303530636636396231343763326565303536333366653864643032653632323932
64643931623563336332613162373636663134663030656635646338343932643633306334646431
39623834393637383437383930393533653231346636393362643632343435313731333036306436
64636135613334653134653832363537393562323134633832616564313263396635303136653966
65623632633935613164653738343861383434376339666138343436393931393661343662323432
31376561643533306130336233333533643436393338366261323462613632663637396265376532
36313961653339656238393133373763373161636433623563653966343130326432396130306666
3338
