$ANSIBLE_VAULT;1.1;AES256
64643539656462646263343565313865353765383639336132356637616432356464306531303462
6236343766633338393037383138323933633638636637330a336634363036663530613135623563
37333961663830666231613265373232316261613365636335326238623033353565376461396533
3735656131383931620a393065336636643532656265336131386465363061666332383935373430
37663835633531396163343538323039343666346131663534306332383733656530383031653031
30616336363562306265666630376437636634616566326664316633623561356335663636313637
66646133623535363535336665323939383165646631343865393332333938306337633639363762
37636261346330343563343064376337373432636161363966386135623930383635623961333061
34396635643539383935636563373639316662623231666464313964346134633062646239346538
31643530323735353461653431346165626438313034303564313239353530343932343233373238
33666433633939626163383039316161313531626562356538336132386465363065326561376234
33376131643965643466663335316362333737616165383033633763396338366339613739323434
31343064306633666330666235623539656330346536616365656139653334663339646161356132
37653134626462373965626139393438646664393264363132636331396537313539323839663139
38373538666236383335393566366263366565623230646530396161306366623936336537666333
64633364646131643031
