$ANSIBLE_VAULT;1.1;AES256
34646531343837626430313362663439343238373336656262356630396239313738653663616666
3065636232343133303861353633396535616364653135370a376530333839363835306536346533
33373464323664333966346362646331353463306166383731356534383966663537303639663639
3632393136353736620a333064613331306330303634336464663939303832326465316665316533
61363739616236623532353262663135663163353838633338393834333633623338643665313537
33623438323735333931646234346565303136663534653537383565623633653063363565633130
66313536376166316666643932623932643231316264636666363761336664316263623363313330
31326633356233343038303861646130323134306435316234353734346538653163363265323737
66636364396433653364303339663633303963623563663534363966306334633966323637623434
32363065313638376264376363356230343438336437343665396630306430333631363564363531
64646234313366303832653136333531336661643931356466306561363132616164363665366562
33366365373139343836366563646161366339383838323661656464663466326435346362623631
38303765663731366334303135313837666162623539353462386562383131376431336638643933
30316566376534366361303238363131623665373739646164356338633861316664656664373039
34356664623131633831616234653437303161306465346137346663653837313366346330393239
33633435616363613665636434306433626337643464383761663030363433633438376236613364
32303134303762666435616335343064373561666337666161366661346539623939383637373633
38393133643962653432366562366263633831666465383433323863616566663335386236383836
66333234383933623330326363623564643534356164383564376166633266333834643865613830
39373639396539303862623039356661653731316637356165626664626632373835666262623736
37323262633836623834663639376665323562386166323338636635383631623033326436386338
39383938323266663833326533343362623531313365393261653739353132343062613466316663
36343166396537313466623762306137613032323835353439353931393365323435313534333737
33363333373838323036646230363962326265313064626431386138633166366164376536656266
34366263396233363466643666323832313564623537623133313031656633633434373030356534
61383333623938386566336239376161373764386163306335666463336164343333353934643135
62306261383661653462613532623136333331653439643735633831323463333666303733356261
66326666353234646364623531353761643666353161316264326163303361333636303264363736
31353139373936376639663466613965363535333565303564353737623133613132333238306432
61373232363961386263346163646138303362656632393236363930643239346562613338306133
61666632376239653135313631316339626439346361636339346263303136323338646434386337
66393030326166396339626232343137616139626439363532333562346664393539323364313130
30646336646436303564313437623033323764326532616364616362643932353531633838613566
31623432356366653263316661623337663563633339333233643030613137303262363031343635
36646439663466323633326634623639363632653634643939663530626266306637393536633337
64643963346335323432393435353333363435313566363639336233303337653362366230666462
63663863386633313463663761346361616238386132336166663633646339383837376632303936
39616530643032363931656564363562376132383731396436363338343063323431626266373831
61626433663634633333646564323336646338353364643961373935343839636161666464353937
36643163323831316664616364663438343438396161623862383538623037326239633139336438
63323933326535323139306366353833326362663636346435363335623733383833626362333538
38656338646361313061633863343763366236373436623531303166343635623536366134393166
63373933333133653234363135363566636338343636663934346139663833343665353232663632
65306236383962383336613830346164343163666430376530333361386233616263303230653761
32663262343561616261306138386363373130393165313633373532333938656531623235303730
65656135346338613631646330373165326263303139343835313565343461353538363139663763
346436316438323035646439326133373438
