$ANSIBLE_VAULT;1.1;AES256
37366666646266366137306161316234346434303635333062643039373764396661633733666361
6238316535356536396138653162363930643561613630620a363864353034373838353832343638
61626539343465333332363466376537626339626162306565346534396537616463653736643536
3631383932386137340a326132656464646264303134303939623231393130326338396632313139
61616466646262363030666430343437333437353164646362306237653836623232663163343062
39366532646539316138656361396133333330393361353264626566393861613932353134306332
38636666373934623666393438636638333435656438303165666261616638363262353738666133
32643037306436636530343431303830313034316531313236636335366262626466393266363836
35323064633961383439336630303637623930373534626133313839616239616337306533613765
37323938613061376332623138373563663131386364656131646632626164646662303230663265
34356335303165656634613337396533393530326630336334623262646137366133626439363363
36326566663564363964636139363934633731373131613638303532376233323762326634636163
30656161666537316135306535636362313336333634626137663536633934326138363661346139
33636336663665303162396165326163316663353339616538663538626163343565643532363439
38646264353235323563326363386230623161613437356439643665333065376465323934613538
61386533323661356665383132623639343436613032666564343462316630633134626166396532
33343836366165623765346164333565613866303337346561396330626231623631316262653032
66656137383666336530666236373839393438383631646137643662643736333564366363336466
30353638363133396666343865343430616363376536316231323330356134663864623964346463
63616634643264316138366361383239393763336666613335393764663864626231353065613163
61646261393166653933366539306431303865613633326362626162613335626339333432356532
31666635653039313166373830306334396133633536343937643336333132633066623038373464
37376433386262653065613339666661623661356133613237393165373037356533306361346664
65366466633138333434363931663465363734613233316234623837326364383439346332636534
37303566663765316432626537306637653262303930653236623139346438333335343564636238
35656635333261326430653761323530383638323131363234653537646463646361333637383566
35616431643539323533643264643165386163636338386361366632666230393939323131646634
62653032633930343565303963376133326531313031646634363531396661613364313163343933
34336662616262326566666331396435623063643136653439383133343161353138366633313038
37626361383631316666356330306435373739613564643338383639333265386130343865386161
39663464326432363830383739663061393035393863636566313335306637323936316531393337
35333137373137373262373830386263623736363939616531326263366132666464386634653736
63316538363131643132623533343839346634633135343136613466323564343763336435386631
61616434663433663865643039353133313263623439633736373430376334633563663962363661
37636134316665343837326561303539353466656637363230383866353635623032363039313435
33303035313234306164346437643365326232656235623531323639656435623135393937393365
31316135643161383266663736336538353138643532383364633635393861303863376538396232
39616466303863303435303135653965346664633530353738393938376239626465653964656665
31636434666238343630333735383566653431363932663438343661393062653937343662636132
64643061616436356335613038336431616666323330646636633239653036303264386361346234
39626530666463633061303737353334323337343338653132633739646561623539306262353965
35393730353838306362663364336431663035346463326239653262643862316438353966316338
62383537636165623462336138633737336131336564333635316237323234343565376230613937
62346535343738336232643066393332383061393938353831653465623764383564343461316539
33383634363839623762623234653630323834613437303164323261366335306565
